7542
52
0.00 666.00 281.00 396.00 291.00 326.00 641.00 427.00 600.00 561.00 1041.00 655.00 975.00 1121.00 299.00 260.00 430.00 162.00 305.00 210.00 287.00 46.00 181.00 275.00 410.00 729.00 799.00 707.00 406.00 360.00 146.00 91.00 827.00 135.00 122.00 125.00 208.00 240.00 166.00 209.00 395.00 566.00 464.00 154.00 240.00 280.00 791.00 267.00 64.00 217.00 789.00 1220.00
666.00 0.00 649.00 1047.00 945.00 978.00 45.00 956.00 1135.00 1133.00 1639.00 1259.00 1440.00 1516.00 958.00 724.00 495.00 595.00 843.00 564.00 392.00 636.00 510.00 922.00 1029.00 1192.00 1302.00 1244.00 635.00 390.00 541.00 730.00 1489.00 782.00 777.00 785.00 858.00 897.00 828.00 870.00 896.00 103.00 1124.00 745.00 823.00 859.00 1151.00 910.00 728.00 596.00 1422.00 1716.00
281.00 649.00 0.00 604.00 509.00 543.00 611.00 308.00 486.00 487.00 1267.00 891.00 1248.00 1400.00 505.00 537.00 217.00 135.00 207.00 441.00 289.00 241.00 361.00 506.00 653.00 1006.00 1068.00 970.00 651.00 504.00 209.00 245.00 903.00 394.00 374.00 368.00 447.00 462.00 392.00 427.00 247.00 550.00 557.00 434.00 220.00 553.00 1072.00 505.00 288.00 463.00 995.00 1484.00
396.00 1047.00 604.00 0.00 104.00 70.00 1026.00 525.00 611.00 534.00 663.00 294.00 711.00 897.00 100.00 384.00 800.00 532.00 475.00 501.00 681.00 437.00 538.00 125.00 109.00 516.00 527.00 417.00 580.00 690.00 541.00 371.00 517.00 267.00 275.00 271.00 190.00 155.00 230.00 188.00 545.00 950.00 245.00 307.00 411.00 231.00 660.00 137.00 345.00 478.00 397.00 909.00
291.00 945.00 509.00 104.00 0.00 35.00 924.00 471.00 584.00 513.00 761.00 382.00 769.00 944.00 25.00 309.00 700.00 430.00 401.00 407.00 577.00 332.00 437.00 32.00 150.00 552.00 584.00 479.00 510.00 594.00 437.00 270.00 590.00 163.00 171.00 166.00 87.00 51.00 127.00 85.00 480.00 848.00 267.00 212.00 331.00 171.00 674.00 47.00 242.00 387.00 500.00 984.00
326.00 978.00 543.00 70.00 35.00 0.00 957.00 492.00 596.00 523.00 726.00 349.00 744.00 923.00 40.00 329.00 735.00 466.00 428.00 435.00 612.00 368.00 469.00 57.00 124.00 533.00 559.00 452.00 528.00 624.00 472.00 305.00 568.00 197.00 206.00 201.00 121.00 86.00 162.00 120.00 504.00 881.00 260.00 241.00 360.00 182.00 662.00 71.00 277.00 414.00 465.00 955.00
641.00 45.00 611.00 1026.00 924.00 957.00 0.00 918.00 1096.00 1096.00 1627.00 1245.00 1440.00 1522.00 935.00 714.00 451.00 562.00 807.00 552.00 362.00 609.00 491.00 901.00 1012.00 1190.00 1298.00 1237.00 637.00 386.00 512.00 701.00 1460.00 760.00 754.00 762.00 836.00 875.00 804.00 847.00 858.00 76.00 1095.00 727.00 789.00 844.00 1157.00 890.00 702.00 585.00 1405.00 1715.00
427.00 956.00 308.00 525.00 471.00 492.00 918.00 0.00 183.00 180.00 1145.00 812.00 1234.00 1414.00 453.00 661.00 507.00 381.00 126.00 636.00 580.00 415.00 587.00 487.00 616.00 1023.00 1049.00 941.00 831.00 759.00 457.00 339.00 645.00 455.00 435.00 422.00 461.00 446.00 414.00 422.00 64.00 856.00 359.00 530.00 187.00 599.00 1136.00 495.00 383.00 644.00 860.00 1430.00
600.00 1135.00 486.00 611.00 584.00 596.00 1096.00 183.00 0.00 83.00 1166.00 874.00 1317.00 1507.00 561.00 818.00 670.00 565.00 308.00 810.00 763.00 593.00 767.00 606.00 714.00 1126.00 1135.00 1024.00 998.00 940.00 640.00 510.00 570.00 607.00 589.00 575.00 596.00 572.00 558.00 555.00 239.00 1036.00 390.00 686.00 361.00 734.00 1257.00 618.00 551.00 815.00 883.00 1487.00
561.00 1133.00 487.00 534.00 513.00 523.00 1096.00 180.00 83.00 0.00 1083.00 792.00 1237.00 1428.00 490.00 764.00 686.00 548.00 291.00 770.00 751.00 560.00 735.00 538.00 639.00 1050.00 1055.00 945.00 950.00 912.00 619.00 471.00 501.00 552.00 536.00 521.00 534.00 506.00 500.00 492.00 244.00 1032.00 308.00 632.00 329.00 670.00 1185.00 550.00 507.00 772.00 800.00 1404.00
1041.00 1639.00 1267.00 663.00 761.00 726.00 1627.00 1145.00 1166.00 1083.00 0.00 387.00 443.00 620.00 762.00 915.00 1461.00 1190.00 1124.00 1076.00 1314.00 1086.00 1144.00 770.00 631.00 541.00 417.00 418.00 1042.00 1251.00 1187.00 1031.00 706.00 906.00 920.00 920.00 835.00 810.00 885.00 846.00 1180.00 1552.00 789.00 913.00 1068.00 787.00 705.00 775.00 1000.00 1043.00 285.00 399.00
655.00 1259.00 891.00 294.00 382.00 349.00 1245.00 812.00 874.00 792.00 387.00 0.00 452.00 653.00 388.00 538.00 1078.00 807.00 769.00 694.00 927.00 700.00 758.00 388.00 245.00 335.00 283.00 182.00 688.00 875.00 800.00 651.00 584.00 520.00 535.00 536.00 451.00 430.00 503.00 465.00 836.00 1170.00 484.00 526.00 705.00 401.00 517.00 391.00 617.00 663.00 188.00 619.00
975.00 1440.00 1248.00 711.00 769.00 744.00 1440.00 1234.00 1317.00 1237.00 443.00 452.00 0.00 206.00 784.00 759.00 1400.00 1137.00 1169.00 920.00 1195.00 1020.00 1008.00 760.00 620.00 254.00 185.00 294.00 805.00 1056.00 1104.00 1004.00 1010.00 854.00 874.00 881.00 807.00 804.00 863.00 836.00 1248.00 1371.00 931.00 822.00 1098.00 696.00 324.00 756.00 959.00 885.00 540.00 279.00
1121.00 1516.00 1400.00 897.00 944.00 923.00 1522.00 1414.00 1507.00 1428.00 620.00 653.00 206.00 0.00 962.00 884.00 1534.00 1281.00 1341.00 1035.00 1313.00 1165.00 1127.00 931.00 799.00 396.00 374.00 484.00 887.00 1146.00 1239.00 1161.00 1216.00 1010.00 1031.00 1039.00 971.00 975.00 1026.00 1004.00 1423.00 1457.00 1125.00 966.00 1268.00 849.00 365.00 925.00 1114.00 1000.00 745.00 319.00
299.00 958.00 505.00 100.00 25.00 40.00 935.00 453.00 561.00 490.00 762.00 388.00 784.00 962.00 0.00 332.00 700.00 432.00 388.00 425.00 586.00 339.00 451.00 56.00 164.00 571.00 599.00 492.00 533.00 612.00 443.00 270.00 569.00 176.00 181.00 175.00 103.00 61.00 133.00 90.00 464.00 860.00 242.00 231.00 320.00 196.00 696.00 72.00 246.00 406.00 497.00 995.00
260.00 724.00 537.00 384.00 309.00 329.00 714.00 661.00 818.00 764.00 915.00 538.00 759.00 884.00 332.00 0.00 651.00 408.00 549.00 165.00 435.00 297.00 249.00 278.00 326.00 506.00 598.00 526.00 201.00 337.00 357.00 331.00 897.00 211.00 229.00 243.00 244.00 284.00 265.00 282.00 641.00 640.00 570.00 132.00 476.00 156.00 539.00 262.00 282.00 130.00 710.00 1023.00
430.00 495.00 217.00 800.00 700.00 735.00 451.00 507.00 670.00 686.00 1461.00 1078.00 1400.00 1534.00 700.00 651.00 0.00 272.00 421.00 512.00 253.00 383.00 418.00 691.00 834.00 1149.00 1226.00 1136.00 707.00 492.00 296.00 430.00 1120.00 561.00 545.00 543.00 627.00 650.00 576.00 615.00 443.00 408.00 773.00 579.00 437.00 708.00 1188.00 687.00 462.00 544.00 1197.00 1649.00
162.00 595.00 135.00 532.00 430.00 466.00 562.00 381.00 565.00 548.00 1190.00 807.00 1137.00 1281.00 432.00 408.00 272.00 0.00 258.00 306.00 205.00 116.00 229.00 420.00 563.00 890.00 960.00 867.00 517.00 385.00 80.00 163.00 903.00 290.00 273.00 271.00 356.00 380.00 305.00 345.00 330.00 493.00 541.00 315.00 228.00 441.00 946.00 416.00 190.00 329.00 929.00 1381.00
305.00 843.00 207.00 475.00 401.00 428.00 807.00 126.00 308.00 291.00 1124.00 769.00 1169.00 1341.00 388.00 549.00 421.00 258.00 0.00 512.00 461.00 290.00 461.00 410.00 551.00 945.00 985.00 879.00 711.00 633.00 332.00 220.00 701.00 351.00 330.00 318.00 371.00 366.00 319.00 336.00 92.00 742.00 368.00 420.00 75.00 504.00 1045.00 415.00 267.00 522.00 843.00 1382.00
210.00 564.00 441.00 501.00 407.00 435.00 552.00 636.00 810.00 770.00 1076.00 694.00 920.00 1035.00 425.00 165.00 512.00 306.00 512.00 0.00 279.00 224.00 94.00 378.00 467.00 666.00 762.00 691.00 210.00 189.00 236.00 300.00 990.00 257.00 262.00 275.00 323.00 366.00 314.00 348.00 601.00 477.00 638.00 194.00 450.00 295.00 680.00 365.00 264.00 35.00 859.00 1186.00
287.00 392.00 289.00 681.00 577.00 612.00 362.00 580.00 763.00 751.00 1314.00 927.00 1195.00 1313.00 586.00 435.00 253.00 205.00 461.00 279.00 0.00 251.00 187.00 558.00 685.00 941.00 1031.00 952.00 459.00 242.00 150.00 340.00 1098.00 416.00 406.00 411.00 492.00 527.00 453.00 496.00 525.00 290.00 733.00 402.00 433.00 530.00 958.00 549.00 344.00 313.00 1072.00 1457.00
46.00 636.00 241.00 437.00 332.00 368.00 609.00 415.00 593.00 560.00 1086.00 700.00 1020.00 1165.00 339.00 297.00 383.00 116.00 290.00 224.00 251.00 0.00 175.00 318.00 455.00 774.00 844.00 753.00 429.00 353.00 104.00 97.00 853.00 180.00 165.00 167.00 251.00 281.00 206.00 249.00 378.00 535.00 488.00 199.00 233.00 326.00 832.00 311.00 94.00 237.00 832.00 1266.00
181.00 510.00 361.00 538.00 437.00 469.00 491.00 587.00 767.00 735.00 1144.00 758.00 1008.00 1127.00 451.00 249.00 418.00 229.00 461.00 94.00 187.00 175.00 0.00 412.00 522.00 754.00 846.00 770.00 296.00 179.00 152.00 267.00 1002.00 275.00 273.00 283.00 349.00 390.00 326.00 366.00 545.00 415.00 641.00 236.00 407.00 357.00 774.00 401.00 244.00 127.00 914.00 1271.00
275.00 922.00 506.00 125.00 32.00 57.00 901.00 487.00 606.00 538.00 770.00 388.00 760.00 931.00 56.00 278.00 691.00 420.00 410.00 378.00 558.00 318.00 412.00 0.00 147.00 537.00 576.00 472.00 478.00 567.00 421.00 263.00 621.00 142.00 153.00 151.00 67.00 45.00 115.00 79.00 492.00 825.00 298.00 184.00 338.00 140.00 653.00 16.00 230.00 358.00 515.00 982.00
410.00 1029.00 653.00 109.00 150.00 124.00 1012.00 616.00 714.00 639.00 631.00 245.00 620.00 799.00 164.00 326.00 834.00 563.00 551.00 467.00 685.00 455.00 522.00 147.00 0.00 412.00 435.00 329.00 509.00 654.00 556.00 409.00 606.00 275.00 290.00 292.00 207.00 191.00 261.00 226.00 628.00 936.00 354.00 286.00 481.00 173.00 551.00 148.00 373.00 439.00 393.00 835.00
729.00 1192.00 1006.00 516.00 552.00 533.00 1190.00 1023.00 1126.00 1050.00 541.00 335.00 254.00 396.00 571.00 506.00 1149.00 890.00 945.00 666.00 941.00 774.00 754.00 537.00 412.00 0.00 126.00 159.00 559.00 805.00 853.00 766.00 917.00 614.00 635.00 644.00 576.00 580.00 630.00 609.00 1029.00 1120.00 756.00 575.00 872.00 454.00 186.00 531.00 719.00 631.00 496.00 525.00
799.00 1302.00 1068.00 527.00 584.00 559.00 1298.00 1049.00 1135.00 1055.00 417.00 283.00 185.00 374.00 599.00 598.00 1226.00 960.00 985.00 762.00 1031.00 844.00 846.00 576.00 435.00 126.00 0.00 110.00 674.00 912.00 931.00 823.00 862.00 674.00 694.00 700.00 624.00 620.00 680.00 653.00 1063.00 1226.00 751.00 647.00 914.00 519.00 292.00 572.00 779.00 726.00 410.00 426.00
707.00 1244.00 970.00 417.00 479.00 452.00 1237.00 941.00 1024.00 945.00 418.00 182.00 294.00 484.00 492.00 526.00 1136.00 867.00 879.00 691.00 952.00 753.00 770.00 472.00 329.00 159.00 110.00 0.00 630.00 853.00 844.00 725.00 767.00 579.00 598.00 603.00 524.00 517.00 580.00 550.00 956.00 1163.00 641.00 559.00 809.00 429.00 344.00 470.00 683.00 656.00 337.00 514.00
406.00 635.00 651.00 580.00 510.00 528.00 637.00 831.00 998.00 950.00 1042.00 688.00 805.00 887.00 533.00 201.00 707.00 517.00 711.00 210.00 459.00 429.00 296.00 478.00 509.00 559.00 674.00 630.00 0.00 260.00 445.00 492.00 1096.00 402.00 416.00 431.00 444.00 484.00 459.00 481.00 802.00 571.00 771.00 322.00 644.00 349.00 523.00 462.00 448.00 191.00 871.00 1082.00
360.00 390.00 504.00 690.00 594.00 624.00 386.00 759.00 940.00 912.00 1251.00 875.00 1056.00 1146.00 612.00 337.00 492.00 385.00 633.00 189.00 242.00 353.00 179.00 567.00 654.00 805.00 912.00 853.00 260.00 0.00 305.00 447.00 1173.00 439.00 441.00 453.00 509.00 552.00 494.00 532.00 713.00 315.00 816.00 383.00 583.00 481.00 782.00 553.00 423.00 215.00 1044.00 1330.00
146.00 541.00 209.00 541.00 437.00 472.00 512.00 457.00 640.00 619.00 1187.00 800.00 1104.00 1239.00 443.00 357.00 296.00 80.00 332.00 236.00 150.00 104.00 152.00 421.00 556.00 853.00 931.00 844.00 445.00 305.00 0.00 190.00 948.00 281.00 268.00 271.00 354.00 386.00 310.00 353.00 409.00 439.00 583.00 285.00 293.00 416.00 896.00 414.00 198.00 262.00 936.00 1356.00
91.00 730.00 245.00 371.00 270.00 305.00 701.00 339.00 510.00 471.00 1031.00 651.00 1004.00 1161.00 270.00 331.00 430.00 163.00 220.00 300.00 340.00 97.00 267.00 263.00 409.00 766.00 823.00 725.00 492.00 447.00 190.00 0.00 759.00 151.00 130.00 123.00 203.00 221.00 148.00 186.00 311.00 628.00 394.00 207.00 151.00 312.00 845.00 261.00 50.00 306.00 767.00 1238.00
827.00 1489.00 903.00 517.00 590.00 568.00 1460.00 645.00 570.00 501.00 706.00 584.00 1010.00 1216.00 569.00 897.00 1120.00 903.00 701.00 990.00 1098.00 853.00 1002.00 621.00 606.00 917.00 862.00 767.00 1096.00 1173.00 948.00 759.00 0.00 734.00 732.00 720.00 669.00 625.00 679.00 642.00 704.00 1387.00 365.00 799.00 688.00 747.00 1095.00 636.00 764.00 974.00 475.00 1089.00
135.00 782.00 394.00 267.00 163.00 197.00 760.00 455.00 607.00 552.00 906.00 520.00 854.00 1010.00 176.00 211.00 561.00 290.00 351.00 257.00 416.00 180.00 275.00 142.00 275.00 614.00 674.00 579.00 402.00 439.00 281.00 151.00 734.00 0.00 21.00 34.00 76.00 115.00 59.00 92.00 442.00 684.00 382.00 80.00 276.00 161.00 697.00 133.00 105.00 244.00 656.00 1093.00
122.00 777.00 374.00 275.00 171.00 206.00 754.00 435.00 589.00 536.00 920.00 535.00 874.00 1031.00 181.00 229.00 545.00 273.00 330.00 262.00 406.00 165.00 273.00 153.00 290.00 635.00 694.00 598.00 416.00 441.00 268.00 130.00 732.00 21.00 0.00 15.00 86.00 121.00 53.00 93.00 421.00 678.00 376.00 96.00 256.00 182.00 718.00 146.00 85.00 252.00 668.00 1112.00
125.00 785.00 368.00 271.00 166.00 201.00 762.00 422.00 575.00 521.00 920.00 536.00 881.00 1039.00 175.00 243.00 543.00 271.00 318.00 275.00 411.00 167.00 283.00 151.00 292.00 644.00 700.00 603.00 431.00 453.00 271.00 123.00 720.00 34.00 15.00 0.00 85.00 115.00 43.00 85.00 408.00 686.00 364.00 111.00 243.00 191.00 730.00 145.00 81.00 266.00 665.00 1116.00
208.00 858.00 447.00 190.00 87.00 121.00 836.00 461.00 596.00 534.00 835.00 451.00 807.00 971.00 103.00 244.00 627.00 356.00 371.00 323.00 492.00 251.00 349.00 67.00 207.00 576.00 624.00 524.00 444.00 509.00 354.00 203.00 669.00 76.00 86.00 85.00 0.00 43.00 56.00 41.00 458.00 760.00 327.00 130.00 297.00 139.00 676.00 60.00 166.00 305.00 581.00 1036.00
240.00 897.00 462.00 155.00 51.00 86.00 875.00 446.00 572.00 506.00 810.00 430.00 804.00 975.00 61.00 284.00 650.00 380.00 366.00 366.00 527.00 281.00 390.00 45.00 191.00 580.00 620.00 517.00 484.00 552.00 386.00 221.00 625.00 115.00 121.00 115.00 43.00 0.00 76.00 35.00 449.00 799.00 286.00 173.00 294.00 164.00 691.00 49.00 191.00 348.00 551.00 1026.00
166.00 828.00 392.00 230.00 127.00 162.00 804.00 414.00 558.00 500.00 885.00 503.00 863.00 1026.00 133.00 265.00 576.00 305.00 319.00 314.00 453.00 206.00 326.00 115.00 261.00 630.00 680.00 580.00 459.00 494.00 310.00 148.00 679.00 59.00 53.00 43.00 56.00 76.00 0.00 43.00 407.00 729.00 324.00 136.00 244.00 186.00 726.00 113.00 115.00 302.00 626.00 1092.00
209.00 870.00 427.00 188.00 85.00 120.00 847.00 422.00 555.00 492.00 846.00 465.00 836.00 1004.00 90.00 282.00 615.00 345.00 336.00 348.00 496.00 249.00 366.00 79.00 226.00 609.00 653.00 550.00 481.00 532.00 353.00 186.00 642.00 92.00 93.00 85.00 41.00 35.00 43.00 0.00 421.00 771.00 293.00 162.00 263.00 179.00 714.00 81.00 157.00 334.00 585.00 1060.00
395.00 896.00 247.00 545.00 480.00 504.00 858.00 64.00 239.00 244.00 1180.00 836.00 1248.00 1423.00 464.00 641.00 443.00 330.00 92.00 601.00 525.00 378.00 545.00 492.00 628.00 1029.00 1063.00 956.00 802.00 713.00 409.00 311.00 704.00 442.00 421.00 408.00 458.00 449.00 407.00 421.00 0.00 796.00 402.00 512.00 166.00 593.00 1133.00 499.00 359.00 612.00 896.00 1453.00
566.00 103.00 550.00 950.00 848.00 881.00 76.00 856.00 1036.00 1032.00 1552.00 1170.00 1371.00 1457.00 860.00 640.00 408.00 493.00 742.00 477.00 290.00 535.00 415.00 825.00 936.00 1120.00 1226.00 1163.00 571.00 315.00 439.00 628.00 1387.00 684.00 678.00 686.00 760.00 799.00 729.00 771.00 796.00 0.00 1022.00 651.00 721.00 769.00 1093.00 814.00 627.00 510.00 1329.00 1645.00
464.00 1124.00 557.00 245.00 267.00 260.00 1095.00 359.00 390.00 308.00 789.00 484.00 931.00 1125.00 242.00 570.00 773.00 541.00 368.00 638.00 733.00 488.00 641.00 298.00 354.00 756.00 751.00 641.00 771.00 816.00 583.00 394.00 365.00 382.00 376.00 364.00 327.00 286.00 324.00 293.00 402.00 1022.00 0.00 455.00 337.00 437.00 904.00 313.00 400.00 626.00 504.00 1097.00
154.00 745.00 434.00 307.00 212.00 241.00 727.00 530.00 686.00 632.00 913.00 526.00 822.00 966.00 231.00 132.00 579.00 315.00 420.00 194.00 402.00 199.00 236.00 184.00 286.00 575.00 647.00 559.00 322.00 383.00 285.00 207.00 799.00 80.00 96.00 111.00 130.00 173.00 136.00 162.00 512.00 651.00 455.00 0.00 347.00 131.00 640.00 170.00 157.00 175.00 678.00 1071.00
240.00 823.00 220.00 411.00 331.00 360.00 789.00 187.00 361.00 329.00 1068.00 705.00 1098.00 1268.00 320.00 476.00 437.00 228.00 75.00 450.00 433.00 233.00 407.00 338.00 481.00 872.00 914.00 809.00 644.00 583.00 293.00 151.00 688.00 276.00 256.00 243.00 297.00 294.00 244.00 263.00 166.00 721.00 337.00 347.00 0.00 430.00 970.00 343.00 196.00 457.00 790.00 1315.00
280.00 859.00 553.00 231.00 171.00 182.00 844.00 599.00 734.00 670.00 787.00 401.00 696.00 849.00 196.00 156.00 708.00 441.00 504.00 295.00 530.00 326.00 357.00 140.00 173.00 454.00 519.00 429.00 349.00 481.00 416.00 312.00 747.00 161.00 182.00 191.00 139.00 164.00 186.00 179.00 593.00 769.00 437.00 131.00 430.00 0.00 540.00 125.00 265.00 266.00 564.00 941.00
791.00 1151.00 1072.00 660.00 674.00 662.00 1157.00 1136.00 1257.00 1185.00 705.00 517.00 324.00 365.00 696.00 539.00 1188.00 946.00 1045.00 680.00 958.00 832.00 774.00 653.00 551.00 186.00 292.00 344.00 523.00 782.00 896.00 845.00 1095.00 697.00 718.00 730.00 676.00 691.00 726.00 714.00 1133.00 1093.00 904.00 640.00 970.00 540.00 0.00 642.00 796.00 646.00 682.00 598.00
267.00 910.00 505.00 137.00 47.00 71.00 890.00 495.00 618.00 550.00 775.00 391.00 756.00 925.00 72.00 262.00 687.00 416.00 415.00 365.00 549.00 311.00 401.00 16.00 148.00 531.00 572.00 470.00 462.00 553.00 414.00 261.00 636.00 133.00 146.00 145.00 60.00 49.00 113.00 81.00 499.00 814.00 313.00 170.00 343.00 125.00 642.00 0.00 225.00 343.00 523.00 980.00
64.00 728.00 288.00 345.00 242.00 277.00 702.00 383.00 551.00 507.00 1000.00 617.00 959.00 1114.00 246.00 282.00 462.00 190.00 267.00 264.00 344.00 94.00 244.00 230.00 373.00 719.00 779.00 683.00 448.00 423.00 198.00 50.00 764.00 105.00 85.00 81.00 166.00 191.00 115.00 157.00 359.00 627.00 400.00 157.00 196.00 265.00 796.00 225.00 0.00 265.00 742.00 1197.00
217.00 596.00 463.00 478.00 387.00 414.00 585.00 644.00 815.00 772.00 1043.00 663.00 885.00 1000.00 406.00 130.00 544.00 329.00 522.00 35.00 313.00 237.00 127.00 358.00 439.00 631.00 726.00 656.00 191.00 215.00 262.00 306.00 974.00 244.00 252.00 266.00 305.00 348.00 302.00 334.00 612.00 510.00 626.00 175.00 457.00 266.00 646.00 343.00 265.00 0.00 830.00 1151.00
789.00 1422.00 995.00 397.00 500.00 465.00 1405.00 860.00 883.00 800.00 285.00 188.00 540.00 745.00 497.00 710.00 1197.00 929.00 843.00 859.00 1072.00 832.00 914.00 515.00 393.00 496.00 410.00 337.00 871.00 1044.00 936.00 767.00 475.00 656.00 668.00 665.00 581.00 551.00 626.00 585.00 896.00 1329.00 504.00 678.00 790.00 564.00 682.00 523.00 742.00 830.00 0.00 625.00
1220.00 1716.00 1484.00 909.00 984.00 955.00 1715.00 1430.00 1487.00 1404.00 399.00 619.00 279.00 319.00 995.00 1023.00 1649.00 1381.00 1382.00 1186.00 1457.00 1266.00 1271.00 982.00 835.00 525.00 426.00 514.00 1082.00 1330.00 1356.00 1238.00 1089.00 1093.00 1112.00 1116.00 1036.00 1026.00 1092.00 1060.00 1453.00 1645.00 1097.00 1071.00 1315.00 941.00 598.00 980.00 1197.00 1151.00 625.00 0.00
