108159
76
0.00 1118.00 3621.00 3891.00 5206.00 4884.00 4650.00 4975.00 6248.00 6408.00 8009.00 7803.00 8500.00 8664.00 9414.00 9522.00 9031.00 9408.00 6180.00 5561.00 3833.00 3050.00 1931.00 4750.00 4366.00 6792.00 7403.00 8291.00 7410.00 6647.00 6524.00 8488.00 8985.00 10286.00 9588.00 9737.00 9638.00 11029.00 11416.00 11536.00 12092.00 9793.00 9081.00 8509.00 7800.00 6587.00 9500.00 9055.00 11147.00 11815.00 12470.00 11449.00 10577.00 10271.00 12255.00 12865.00 13878.00 12965.00 12748.00 12483.00 14134.00 14667.00 15158.00 15782.00 14098.00 13384.00 13238.00 12550.00 11322.00 16269.00 17937.00 18831.00 18986.00 10468.00 3606.00 3716.00
1118.00 0.00 2926.00 3360.00 4556.00 4049.00 3684.00 3950.00 5393.00 5640.00 7204.00 6894.00 7517.00 7650.00 8502.00 8661.00 8298.00 8727.00 5766.00 5092.00 4200.00 3688.00 2860.00 5344.00 4750.00 6806.00 7464.00 8194.00 7224.00 6394.00 6178.00 8176.00 8731.00 9915.00 9128.00 9155.00 9005.00 10490.00 10928.00 11187.00 11774.00 9783.00 9067.00 8950.00 8360.00 7252.00 10050.00 9500.00 11367.00 12052.00 12596.00 11537.00 10645.00 10288.00 12237.00 12875.00 13778.00 12815.00 12500.00 12197.00 13890.00 14456.00 15052.00 15691.00 14258.00 13551.00 13700.00 13088.00 11922.00 16886.00 17994.00 18784.00 18924.00 9361.00 3640.00 3829.00
3621.00 2926.00 0.00 700.00 1629.00 1368.00 1628.00 2193.00 2700.00 2789.00 4398.00 4307.00 5168.00 5441.00 5900.00 5941.00 5413.00 5814.00 3002.00 2290.00 3572.00 3963.00 4209.00 5022.00 3991.00 4750.00 5450.00 5818.00 4740.00 3842.00 3489.00 5464.00 6082.00 7110.00 6256.00 6231.00 6080.00 7574.00 8032.00 8390.00 9003.00 7501.00 6807.00 7748.00 7536.00 6850.00 9081.00 8271.00 9500.00 10200.00 10496.00 9391.00 8485.00 8041.00 9876.00 10551.00 11264.00 10240.00 9801.00 9458.00 11183.00 11783.00 12514.00 13170.00 12193.00 11513.00 12346.00 11958.00 11012.00 15891.00 15687.00 16304.00 16420.00 7865.00 6471.00 6690.00
3891.00 3360.00 700.00 0.00 1369.00 1628.00 2163.00 2746.00 2789.00 2700.00 4308.00 4397.00 5361.00 5686.00 5941.00 5900.00 5202.00 5536.00 2421.00 1733.00 3100.00 3669.00 4150.00 4539.00 3465.00 4050.00 4750.00 5139.00 4074.00 3185.00 2873.00 4867.00 5464.00 6566.00 5768.00 5849.00 5748.00 7156.00 7574.00 7842.00 8442.00 6817.00 6119.00 7087.00 6921.00 6308.00 8438.00 7605.00 8800.00 9500.00 9802.00 8699.00 7793.00 7355.00 9205.00 9876.00 10621.00 9609.00 9208.00 8881.00 10595.00 11183.00 11877.00 12530.00 11498.00 10817.00 11660.00 11290.00 10367.00 15227.00 15014.00 15658.00 15779.00 8285.00 6976.00 7179.00
5206.00 4556.00 1629.00 1369.00 0.00 1115.00 2014.00 2512.00 1624.00 1363.00 2950.00 3153.00 4207.00 4592.00 4637.00 4552.00 3841.00 4203.00 1698.00 1053.00 4162.00 4915.00 5507.00 5531.00 4415.00 4073.00 4739.00 4750.00 3635.00 2746.00 2247.00 4071.00 4738.00 5593.00 4680.00 4603.00 4453.00 5953.00 6427.00 6871.00 7503.00 6444.00 5794.00 7481.00 7524.00 7135.00 8899.00 7959.00 8698.00 9390.00 9500.00 8385.00 7494.00 6994.00 8697.00 9389.00 9949.00 8888.00 8355.00 7980.00 9721.00 10345.00 11171.00 11835.00 11193.00 10543.00 11820.00 11585.00 10799.00 15529.00 14485.00 14981.00 15080.00 7431.00 8080.00 8305.00
4884.00 4049.00 1368.00 1628.00 1115.00 0.00 906.00 1401.00 1364.00 1625.00 3155.00 2950.00 3804.00 4092.00 4553.00 4638.00 4281.00 4763.00 2811.00 2162.00 4726.00 5264.00 5576.00 6159.00 5072.00 5138.00 5816.00 5865.00 4750.00 3860.00 3360.00 5137.00 5815.00 6567.00 5591.00 5343.00 5107.00 6727.00 7259.00 7835.00 8480.00 7558.00 6909.00 8460.00 8412.00 7891.00 9856.00 8954.00 9801.00 10494.00 10615.00 9500.00 8608.00 8108.00 9800.00 10494.00 11019.00 9947.00 9368.00 8974.00 10720.00 11357.00 12230.00 12895.00 12308.00 11658.00 12881.00 12607.00 11772.00 16554.00 15579.00 16041.00 16134.00 6665.00 7379.00 7625.00
4650.00 3684.00 1628.00 2163.00 2014.00 906.00 0.00 583.00 1860.00 2343.00 3697.00 3228.00 3850.00 4031.00 4827.00 5033.00 4912.00 5449.00 3712.00 3050.00 5197.00 5561.00 5645.00 6647.00 5602.00 5972.00 6659.00 6760.00 5645.00 4750.00 4261.00 6039.00 6720.00 7438.00 6439.00 6114.00 5836.00 7504.00 8062.00 8698.00 9349.00 8455.00 7800.00 9205.00 9081.00 8457.00 10577.00 9712.00 10668.00 11364.00 11509.00 10394.00 9500.00 9005.00 10706.00 11399.00 11921.00 10845.00 10250.00 9849.00 11595.00 12238.00 13127.00 13793.00 13203.00 12550.00 13695.00 13384.00 12502.00 17328.00 16485.00 16939.00 17029.00 6255.00 6766.00 7027.00
4975.00 3950.00 2193.00 2746.00 2512.00 1401.00 583.00 0.00 2000.00 2594.00 3763.00 3129.00 3585.00 3700.00 4682.00 4965.00 5020.00 5597.00 4200.00 3563.00 5766.00 6091.00 6100.00 7216.00 6178.00 6525.00 7208.00 7259.00 6145.00 5259.00 4750.00 6462.00 7151.00 7782.00 6751.00 6338.00 6021.00 7725.00 8310.00 9027.00 9685.00 8950.00 8305.00 9783.00 9664.00 9035.00 11158.00 10288.00 11201.00 11895.00 12009.00 10894.00 10004.00 9500.00 11165.00 11861.00 12333.00 11247.00 10611.00 10195.00 11940.00 12594.00 13524.00 14191.00 13700.00 13053.00 14258.00 13957.00 13083.00 17902.00 16925.00 17335.00 17418.00 5737.00 6799.00 7072.00
6248.00 5393.00 2700.00 2789.00 1624.00 1364.00 1860.00 2000.00 0.00 700.00 1843.00 1615.00 2595.00 2968.00 3200.00 3276.00 3054.00 3607.00 2864.00 2460.00 5769.00 6452.00 6886.00 7152.00 6037.00 5464.00 6082.00 5816.00 4739.00 3946.00 3371.00 4750.00 5450.00 5883.00 4816.00 4341.00 4022.00 5727.00 6320.00 7100.00 7764.00 7447.00 6866.00 8975.00 9095.00 8754.00 10411.00 9430.00 9876.00 10551.00 10495.00 9390.00 8533.00 7991.00 9500.00 10200.00 10533.00 9429.00 8723.00 8286.00 10024.00 10690.00 11689.00 12356.00 12159.00 11548.00 13150.00 12997.00 12287.00 16927.00 15179.00 15489.00 15559.00 5858.00 8618.00 8875.00
6408.00 5640.00 2789.00 2700.00 1363.00 1625.00 2343.00 2594.00 700.00 0.00 1617.00 1841.00 2960.00 3397.00 3276.00 3200.00 2662.00 3140.00 2247.00 1953.00 5489.00 6276.00 6850.00 6821.00 5703.00 4867.00 5464.00 5138.00 4073.00 3309.00 2728.00 4050.00 4750.00 5213.00 4163.00 3772.00 3500.00 5162.00 5727.00 6444.00 7104.00 6757.00 6185.00 8411.00 8592.00 8336.00 9855.00 8852.00 9205.00 9876.00 9801.00 8698.00 7845.00 7299.00 8800.00 9500.00 9841.00 8740.00 8051.00 7622.00 9364.00 10024.00 11004.00 11671.00 11463.00 10854.00 12509.00 12385.00 11712.00 16306.00 14483.00 14808.00 14880.00 6411.00 9003.00 9250.00
8009.00 7204.00 4398.00 4308.00 2950.00 3155.00 3697.00 3763.00 1843.00 1617.00 0.00 1118.00 2144.00 2665.00 1838.00 1611.00 1280.00 1913.00 3273.00 3273.00 6961.00 7822.00 8456.00 8223.00 7115.00 5767.00 6255.00 5590.00 4681.00 4140.00 3588.00 4161.00 4815.00 4750.00 3632.00 2840.00 2413.00 4159.00 4813.00 5838.00 6502.00 7024.00 6569.00 9331.00 9676.00 9595.00 10780.00 9719.00 9607.00 10238.00 9946.00 8887.00 8107.00 7531.00 8738.00 9427.00 9500.00 8382.00 7527.00 7047.00 8737.00 9426.00 10566.00 11226.00 11536.00 10987.00 13070.00 13084.00 12560.00 16940.00 14190.00 14310.00 14352.00 5820.00 10461.00 10718.00
7803.00 6894.00 4307.00 4397.00 3153.00 2950.00 3228.00 3129.00 1615.00 1841.00 1118.00 0.00 1164.00 1657.00 1611.00 1838.00 2284.00 2948.00 3967.00 3779.00 7313.00 8047.00 8501.00 8659.00 7541.00 6564.00 7108.00 6566.00 5592.00 4950.00 4373.00 5210.00 5880.00 5868.00 4750.00 3930.00 3476.00 5209.00 5879.00 6948.00 7611.00 8061.00 7573.00 10135.00 10383.00 10171.00 11584.00 10551.00 10618.00 11262.00 11018.00 9948.00 9150.00 8579.00 9839.00 10531.00 10618.00 9500.00 8640.00 8158.00 9839.00 10530.00 11682.00 12341.00 12623.00 12064.00 14038.00 14000.00 13408.00 17887.00 15308.00 15419.00 15458.00 4799.00 9928.00 10199.00
8500.00 7517.00 5168.00 5361.00 4207.00 3804.00 3850.00 3585.00 2595.00 2960.00 2144.00 1164.00 0.00 522.00 1390.00 1991.00 3050.00 3703.00 5128.00 4912.00 8363.00 9031.00 9374.00 9737.00 8620.00 7728.00 8271.00 7703.00 6747.00 6114.00 5538.00 6304.00 6959.00 6801.00 5691.00 4750.00 4253.00 5911.00 6605.00 7800.00 8451.00 9165.00 8698.00 11298.00 11536.00 11293.00 12748.00 11715.00 11741.00 12377.00 12087.00 11031.00 10250.00 9675.00 10857.00 11542.00 11534.00 10419.00 9500.00 9001.00 10634.00 11332.00 12550.00 13201.00 13669.00 13127.00 15182.00 15158.00 14572.00 19038.00 16220.00 16237.00 16260.00 3677.00 10279.00 10562.00
8664.00 7650.00 5441.00 5686.00 4592.00 4092.00 4031.00 3700.00 2968.00 3397.00 2665.00 1657.00 522.00 0.00 1746.00 2404.00 3553.00 4200.00 5597.00 5348.00 8727.00 9350.00 9629.00 10119.00 9005.00 8207.00 8760.00 8214.00 7249.00 6600.00 6021.00 6824.00 7480.00 7315.00 6207.00 5252.00 4750.00 6388.00 7085.00 8301.00 8950.00 9685.00 9214.00 11774.00 11988.00 11710.00 13222.00 12197.00 12258.00 12895.00 12609.00 11553.00 10770.00 10195.00 11378.00 12062.00 12043.00 10929.00 10001.00 9500.00 11122.00 11821.00 13051.00 13700.00 14191.00 13649.00 15691.00 15656.00 15055.00 19543.00 16727.00 16727.00 16747.00 3158.00 10268.00 10556.00
9414.00 8502.00 5900.00 5941.00 4637.00 4553.00 4827.00 4682.00 3200.00 3276.00 1838.00 1611.00 1390.00 1746.00 0.00 700.00 2127.00 2693.00 5111.00 5088.00 8745.00 9551.00 10074.00 10037.00 8924.00 7574.00 8032.00 7259.00 6428.00 5951.00 5411.00 5727.00 6320.00 5881.00 4815.00 3748.00 3227.00 4750.00 5450.00 6754.00 7383.00 8566.00 8184.00 11124.00 11503.00 11433.00 12569.00 11495.00 11183.00 11783.00 11358.00 10346.00 9625.00 9043.00 10024.00 10690.00 10532.00 9428.00 8443.00 7931.00 9500.00 10200.00 11482.00 12120.00 12875.00 12377.00 14701.00 14783.00 14319.00 18594.00 15190.00 15102.00 15110.00 4533.00 11470.00 11746.00
9522.00 8661.00 5941.00 5900.00 4552.00 4638.00 5033.00 4965.00 3276.00 3200.00 1611.00 1838.00 1991.00 2404.00 700.00 0.00 1512.00 2025.00 4793.00 4863.00 8563.00 9433.00 10050.00 9804.00 8702.00 7156.00 7574.00 6727.00 5954.00 5549.00 5036.00 5162.00 5727.00 5211.00 4161.00 3070.00 2548.00 4050.00 4750.00 6060.00 6687.00 7974.00 7622.00 10675.00 11110.00 11116.00 12112.00 11026.00 10595.00 11183.00 10720.00 9722.00 9021.00 8438.00 9364.00 10024.00 9840.00 8739.00 7747.00 7234.00 8800.00 9500.00 10784.00 11421.00 12220.00 11733.00 14131.00 14247.00 13829.00 18030.00 14494.00 14402.00 14410.00 5229.00 11762.00 12032.00
9031.00 8298.00 5413.00 5202.00 3841.00 4281.00 4912.00 5020.00 3054.00 2662.00 1280.00 2284.00 3050.00 3553.00 2127.00 1512.00 0.00 667.00 3609.00 3850.00 7528.00 8500.00 9285.00 8668.00 7595.00 5774.00 6144.00 5236.00 4517.00 4209.00 3747.00 3655.00 4216.00 3784.00 2698.00 1700.00 1209.00 2926.00 3602.00 4750.00 5402.00 6462.00 6114.00 9242.00 9737.00 9843.00 10670.00 9574.00 9083.00 9673.00 9231.00 8222.00 7512.00 6929.00 7907.00 8578.00 8493.00 7380.00 6450.00 5952.00 7598.00 8294.00 9500.00 10151.00 10753.00 10250.00 12620.00 12748.00 12357.00 16520.00 13174.00 13196.00 13224.00 6600.00 11649.00 11900.00
9408.00 8727.00 5814.00 5536.00 4203.00 4763.00 5449.00 5597.00 3607.00 3140.00 1913.00 2948.00 3703.00 4200.00 2693.00 2025.00 667.00 0.00 3700.00 4052.00 7650.00 8674.00 9541.00 8713.00 7670.00 5627.00 5930.00 4914.00 4311.00 4136.00 3741.00 3297.00 3791.00 3189.00 2140.00 1061.00 550.00 2261.00 2935.00 4103.00 4750.00 6021.00 5728.00 9005.00 9572.00 9775.00 10415.00 9307.00 8640.00 9209.00 8704.00 7720.00 7046.00 6464.00 7339.00 8001.00 7861.00 6752.00 5802.00 5300.00 6935.00 7632.00 8851.00 9500.00 10195.00 9712.00 12197.00 12375.00 12049.00 16102.00 12536.00 12536.00 12562.00 7209.00 12142.00 12387.00
6180.00 5766.00 3002.00 2421.00 1698.00 2811.00 3712.00 4200.00 2864.00 2247.00 3273.00 3967.00 5128.00 5597.00 5111.00 4793.00 3609.00 3700.00 0.00 716.00 3950.00 4992.00 5961.00 5060.00 3988.00 2622.00 3221.00 3062.00 1949.00 1092.00 550.00 2462.00 3092.00 4150.00 3409.00 3702.00 3741.00 4897.00 5242.00 5423.00 6021.00 4750.00 4111.00 6178.00 6427.00 6328.00 7625.00 6610.00 7061.00 7747.00 7809.00 6695.00 5808.00 5300.00 7004.00 7694.00 8298.00 7255.00 6800.00 6464.00 8184.00 8782.00 9535.00 10195.00 9500.00 8855.00 10288.00 10140.00 9470.00 14066.00 12799.00 13337.00 13444.00 8655.00 9393.00 9592.00
5561.00 5092.00 2290.00 1733.00 1053.00 2162.00 3050.00 3563.00 2460.00 1953.00 3273.00 3779.00 4912.00 5348.00 5088.00 4863.00 3850.00 4052.00 716.00 0.00 3707.00 4650.00 5494.00 4951.00 3842.00 3046.00 3700.00 3711.00 2597.00 1700.00 1237.00 3176.00 3808.00 4837.00 4042.00 4209.00 4176.00 5471.00 5860.00 6114.00 6720.00 5408.00 4750.00 6518.00 6647.00 6393.00 7951.00 6980.00 7645.00 8337.00 8459.00 7345.00 6450.00 5958.00 7698.00 8385.00 9011.00 7970.00 7512.00 7170.00 8893.00 9495.00 10250.00 10910.00 10154.00 9500.00 10786.00 10577.00 9833.00 14517.00 13499.00 14051.00 14159.00 8317.00 8708.00 8912.00
3833.00 4200.00 3572.00 3100.00 4162.00 4726.00 5197.00 5766.00 5769.00 5489.00 6961.00 7313.00 8363.00 8727.00 8745.00 8563.00 7528.00 7650.00 3950.00 3707.00 0.00 1193.00 2550.00 1450.00 550.00 3260.00 3758.00 4880.00 4270.00 3798.00 3988.00 5581.00 5886.00 7414.00 7026.00 7573.00 7670.00 8622.00 8823.00 8548.00 9005.00 6178.00 5489.00 4750.00 4220.00 3319.00 5886.00 5300.00 7322.00 7985.00 8685.00 7697.00 6853.00 6610.00 8610.00 9181.00 10325.00 9506.00 9481.00 9307.00 10832.00 11291.00 11601.00 12197.00 10288.00 9573.00 9500.00 8906.00 7788.00 12748.00 14182.00 15173.00 15345.00 11385.00 7433.00 7527.00
3050.00 3688.00 3963.00 3669.00 4915.00 5264.00 5561.00 6091.00 6452.00 6276.00 7822.00 8047.00 9031.00 9350.00 9551.00 9433.00 8500.00 8674.00 4992.00 4650.00 1193.00 0.00 1433.00 1700.00 1562.00 4443.00 4915.00 6068.00 5457.00 4951.00 5093.00 6757.00 7076.00 8595.00 8174.00 8668.00 8733.00 9760.00 9984.00 9737.00 10197.00 7325.00 6647.00 5492.00 4750.00 3569.00 6450.00 6033.00 8301.00 8942.00 9727.00 8774.00 7951.00 7740.00 9738.00 10290.00 11475.00 10677.00 10670.00 10499.00 12018.00 12469.00 12748.00 13336.00 11293.00 10577.00 10199.00 9500.00 8280.00 13235.00 15239.00 16281.00 16460.00 11816.00 6561.00 6622.00
1931.00 2860.00 4209.00 4150.00 5507.00 5576.00 5645.00 6100.00 6886.00 6850.00 8456.00 8501.00 9374.00 9629.00 10074.00 10050.00 9285.00 9541.00 5961.00 5494.00 2550.00 1433.00 0.00 3032.00 2982.00 5799.00 6308.00 7407.00 6711.00 6109.00 6158.00 7958.00 8336.00 9801.00 9284.00 9661.00 9666.00 10835.00 11116.00 10984.00 11474.00 8726.00 8039.00 6864.00 6041.00 4750.00 7732.00 7398.00 9729.00 10367.00 11159.00 10204.00 9376.00 9152.00 11152.00 11712.00 12874.00 12052.00 11997.00 11801.00 13358.00 13829.00 14149.00 14744.00 12723.00 12008.00 11526.00 10773.00 9500.00 14422.00 16671.00 17705.00 17881.00 11807.00 5224.00 5261.00
4750.00 5344.00 5022.00 4539.00 5531.00 6159.00 6647.00 7216.00 7152.00 6821.00 8223.00 8659.00 9737.00 10119.00 10037.00 9804.00 8668.00 8713.00 5060.00 4951.00 1450.00 1700.00 3032.00 0.00 1118.00 3621.00 3891.00 5206.00 4884.00 4650.00 4975.00 6248.00 6408.00 8009.00 7803.00 8500.00 8664.00 9414.00 9522.00 9031.00 9408.00 6180.00 5561.00 3833.00 3050.00 1931.00 4750.00 4366.00 6792.00 7403.00 8291.00 7410.00 6647.00 6524.00 8488.00 8985.00 10286.00 9588.00 9737.00 9638.00 11029.00 11416.00 11536.00 12092.00 9793.00 9081.00 8509.00 7800.00 6587.00 11548.00 13798.00 14942.00 15136.00 12823.00 8238.00 8287.00
4366.00 4750.00 3991.00 3465.00 4415.00 5072.00 5602.00 6178.00 6037.00 5703.00 7115.00 7541.00 8620.00 9005.00 8924.00 8702.00 7595.00 7670.00 3988.00 3842.00 550.00 1562.00 2982.00 1118.00 0.00 2926.00 3360.00 4556.00 4049.00 3684.00 3950.00 5393.00 5640.00 7204.00 6894.00 7517.00 7650.00 8502.00 8661.00 8298.00 8727.00 5766.00 5092.00 4200.00 3688.00 2860.00 5344.00 4750.00 6806.00 7464.00 8194.00 7224.00 6394.00 6178.00 8176.00 8731.00 9915.00 9128.00 9155.00 9005.00 10490.00 10928.00 11187.00 11774.00 9783.00 9067.00 8950.00 8360.00 7252.00 12209.00 13700.00 14723.00 14900.00 11736.00 7960.00 8048.00
6792.00 6806.00 4750.00 4050.00 4073.00 5138.00 5972.00 6525.00 5464.00 4867.00 5767.00 6564.00 7728.00 8207.00 7574.00 7156.00 5774.00 5627.00 2622.00 3046.00 3260.00 4443.00 5799.00 3621.00 2926.00 0.00 700.00 1629.00 1368.00 1628.00 2193.00 2700.00 2789.00 4398.00 4307.00 5168.00 5441.00 5900.00 5941.00 5413.00 5814.00 3002.00 2290.00 3572.00 3963.00 4209.00 5022.00 3991.00 4750.00 5450.00 5818.00 4740.00 3842.00 3489.00 5464.00 6082.00 7110.00 6256.00 6231.00 6080.00 7574.00 8032.00 8390.00 9003.00 7501.00 6807.00 7748.00 7536.00 6850.00 11473.00 11189.00 12039.00 12195.00 11277.00 10353.00 10491.00
7403.00 7464.00 5450.00 4750.00 4739.00 5816.00 6659.00 7208.00 6082.00 5464.00 6255.00 7108.00 8271.00 8760.00 8032.00 7574.00 6144.00 5930.00 3221.00 3700.00 3758.00 4915.00 6308.00 3891.00 3360.00 700.00 0.00 1369.00 1628.00 2163.00 2746.00 2789.00 2700.00 4308.00 4397.00 5361.00 5686.00 5941.00 5900.00 5202.00 5536.00 2421.00 1733.00 3100.00 3669.00 4150.00 4539.00 3465.00 4050.00 4750.00 5139.00 4074.00 3185.00 2873.00 4867.00 5464.00 6566.00 5768.00 5849.00 5748.00 7156.00 7574.00 7842.00 8442.00 6817.00 6119.00 7087.00 6921.00 6308.00 10846.00 10544.00 11443.00 11607.00 11858.00 10983.00 11113.00
8291.00 8194.00 5818.00 5139.00 4750.00 5865.00 6760.00 7259.00 5816.00 5138.00 5590.00 6566.00 7703.00 8214.00 7259.00 6727.00 5236.00 4914.00 3062.00 3711.00 4880.00 6068.00 7407.00 5206.00 4556.00 1629.00 1369.00 0.00 1115.00 2014.00 2512.00 1624.00 1363.00 2950.00 3153.00 4207.00 4592.00 4637.00 4552.00 3841.00 4203.00 1698.00 1053.00 4162.00 4915.00 5507.00 5531.00 4415.00 4073.00 4739.00 4750.00 3635.00 2746.00 2247.00 4071.00 4738.00 5593.00 4680.00 4603.00 4453.00 5953.00 6427.00 6871.00 7503.00 6444.00 5794.00 7481.00 7524.00 7135.00 11352.00 9876.00 10591.00 10730.00 11365.00 11799.00 11955.00
7410.00 7224.00 4740.00 4074.00 3635.00 4750.00 5645.00 6145.00 4739.00 4073.00 4681.00 5592.00 6747.00 7249.00 6428.00 5954.00 4517.00 4311.00 1949.00 2597.00 4270.00 5457.00 6711.00 4884.00 4049.00 1368.00 1628.00 1115.00 0.00 906.00 1401.00 1364.00 1625.00 3155.00 2950.00 3804.00 4092.00 4553.00 4638.00 4281.00 4763.00 2811.00 2162.00 4726.00 5264.00 5576.00 6159.00 5072.00 5138.00 5816.00 5865.00 4750.00 3860.00 3360.00 5137.00 5815.00 6567.00 5591.00 5343.00 5107.00 6727.00 7259.00 7835.00 8480.00 7558.00 6909.00 8460.00 8412.00 7891.00 12295.00 10948.00 11596.00 11723.00 10381.00 10854.00 11022.00
6647.00 6394.00 3842.00 3185.00 2746.00 3860.00 4750.00 5259.00 3946.00 3309.00 4140.00 4950.00 6114.00 6600.00 5951.00 5549.00 4209.00 4136.00 1092.00 1700.00 3798.00 4951.00 6109.00 4650.00 3684.00 1628.00 2163.00 2014.00 906.00 0.00 583.00 1860.00 2343.00 3697.00 3228.00 3850.00 4031.00 4827.00 5033.00 4912.00 5449.00 3712.00 3050.00 5197.00 5561.00 5645.00 6647.00 5602.00 5972.00 6659.00 6760.00 5645.00 4750.00 4261.00 6039.00 6720.00 7438.00 6439.00 6114.00 5836.00 7504.00 8062.00 8698.00 9349.00 8455.00 7800.00 9205.00 9081.00 8457.00 12997.00 11849.00 12474.00 12596.00 9695.00 10032.00 10210.00
6524.00 6178.00 3489.00 2873.00 2247.00 3360.00 4261.00 4750.00 3371.00 2728.00 3588.00 4373.00 5538.00 6021.00 5411.00 5036.00 3747.00 3741.00 550.00 1237.00 3988.00 5093.00 6158.00 4975.00 3950.00 2193.00 2746.00 2512.00 1401.00 583.00 0.00 2000.00 2594.00 3763.00 3129.00 3585.00 3700.00 4682.00 4965.00 5020.00 5597.00 4200.00 3563.00 5766.00 6091.00 6100.00 7216.00 6178.00 6525.00 7208.00 7259.00 6145.00 5259.00 4750.00 6462.00 7151.00 7782.00 6751.00 6338.00 6021.00 7725.00 8310.00 9027.00 9685.00 8950.00 8305.00 9783.00 9664.00 9035.00 13580.00 12262.00 12823.00 12935.00 9112.00 9816.00 10006.00
8488.00 8176.00 5464.00 4867.00 4071.00 5137.00 6039.00 6462.00 4750.00 4050.00 4161.00 5210.00 6304.00 6824.00 5727.00 5162.00 3655.00 3297.00 2462.00 3176.00 5581.00 6757.00 7958.00 6248.00 5393.00 2700.00 2789.00 1624.00 1364.00 1860.00 2000.00 0.00 700.00 1843.00 1615.00 2595.00 2968.00 3200.00 3276.00 3054.00 3607.00 2864.00 2460.00 5769.00 6452.00 6886.00 7152.00 6037.00 5464.00 6082.00 5816.00 4739.00 3946.00 3371.00 4750.00 5450.00 5883.00 4816.00 4341.00 4022.00 5727.00 6320.00 7100.00 7764.00 7447.00 6866.00 8975.00 9095.00 8754.00 12870.00 10465.00 10910.00 11008.00 9981.00 11815.00 12004.00
8985.00 8731.00 6082.00 5464.00 4738.00 5815.00 6720.00 7151.00 5450.00 4750.00 4815.00 5880.00 6959.00 7480.00 6320.00 5727.00 4216.00 3791.00 3092.00 3808.00 5886.00 7076.00 8336.00 6408.00 5640.00 2789.00 2700.00 1363.00 1625.00 2343.00 2594.00 700.00 0.00 1617.00 1841.00 2960.00 3397.00 3276.00 3200.00 2662.00 3140.00 2247.00 1953.00 5489.00 6276.00 6850.00 6821.00 5703.00 4867.00 5464.00 5138.00 4073.00 3309.00 2728.00 4050.00 4750.00 5213.00 4163.00 3772.00 3500.00 5162.00 5727.00 6444.00 7104.00 6757.00 6185.00 8411.00 8592.00 8336.00 12314.00 9774.00 10248.00 10353.00 10633.00 12370.00 12551.00
10286.00 9915.00 7110.00 6566.00 5593.00 6567.00 7438.00 7782.00 5883.00 5213.00 4750.00 5868.00 6801.00 7315.00 5881.00 5211.00 3784.00 3189.00 4150.00 4837.00 7414.00 8595.00 9801.00 8009.00 7204.00 4398.00 4308.00 2950.00 3155.00 3697.00 3763.00 1843.00 1617.00 0.00 1118.00 2144.00 2665.00 1838.00 1611.00 1280.00 1913.00 3273.00 3273.00 6961.00 7822.00 8456.00 8223.00 7115.00 5767.00 6255.00 5590.00 4681.00 4140.00 3588.00 4161.00 4815.00 4750.00 3632.00 2840.00 2413.00 4159.00 4813.00 5838.00 6502.00 7024.00 6569.00 9331.00 9676.00 9595.00 13219.00 9440.00 9619.00 9681.00 10384.00 13542.00 13742.00
9588.00 9128.00 6256.00 5768.00 4680.00 5591.00 6439.00 6751.00 4816.00 4163.00 3632.00 4750.00 5691.00 6207.00 4815.00 4161.00 2698.00 2140.00 3409.00 4042.00 7026.00 8174.00 9284.00 7803.00 6894.00 4307.00 4397.00 3153.00 2950.00 3228.00 3129.00 1615.00 1841.00 1118.00 0.00 1164.00 1657.00 1611.00 1838.00 2284.00 2948.00 3967.00 3779.00 7313.00 8047.00 8501.00 8659.00 7541.00 6564.00 7108.00 6566.00 5592.00 4950.00 4373.00 5210.00 5880.00 5868.00 4750.00 3930.00 3476.00 5209.00 5879.00 6948.00 7611.00 8061.00 7573.00 10135.00 10383.00 10171.00 14038.00 10558.00 10719.00 10774.00 9294.00 12724.00 12937.00
9737.00 9155.00 6231.00 5849.00 4603.00 5343.00 6114.00 6338.00 4341.00 3772.00 2840.00 3930.00 4750.00 5252.00 3748.00 3070.00 1700.00 1061.00 3702.00 4209.00 7573.00 8668.00 9661.00 8500.00 7517.00 5168.00 5361.00 4207.00 3804.00 3850.00 3585.00 2595.00 2960.00 2144.00 1164.00 0.00 522.00 1390.00 1991.00 3050.00 3703.00 5128.00 4912.00 8363.00 9031.00 9374.00 9737.00 8620.00 7728.00 8271.00 7703.00 6747.00 6114.00 5538.00 6304.00 6959.00 6801.00 5691.00 4750.00 4253.00 5911.00 6605.00 7800.00 8451.00 9165.00 8698.00 11298.00 11536.00 11293.00 15202.00 11478.00 11503.00 11535.00 8269.00 12669.00 12900.00
9638.00 9005.00 6080.00 5748.00 4453.00 5107.00 5836.00 6021.00 4022.00 3500.00 2413.00 3476.00 4253.00 4750.00 3227.00 2548.00 1209.00 550.00 3741.00 4176.00 7670.00 8733.00 9666.00 8664.00 7650.00 5441.00 5686.00 4592.00 4092.00 4031.00 3700.00 2968.00 3397.00 2665.00 1657.00 522.00 0.00 1746.00 2404.00 3553.00 4200.00 5597.00 5348.00 8727.00 9350.00 9629.00 10119.00 9005.00 8207.00 8760.00 8214.00 7249.00 6600.00 6021.00 6824.00 7480.00 7315.00 6207.00 5252.00 4750.00 6388.00 7085.00 8301.00 8950.00 9685.00 9214.00 11774.00 11988.00 11710.00 15679.00 11988.00 11988.00 12015.00 7751.00 12472.00 12710.00
11029.00 10490.00 7574.00 7156.00 5953.00 6727.00 7504.00 7725.00 5727.00 5162.00 4159.00 5209.00 5911.00 6388.00 4750.00 4050.00 2926.00 2261.00 4897.00 5471.00 8622.00 9760.00 10835.00 9414.00 8502.00 5900.00 5941.00 4637.00 4553.00 4827.00 4682.00 3200.00 3276.00 1838.00 1611.00 1390.00 1746.00 0.00 700.00 2127.00 2693.00 5111.00 5088.00 8745.00 9551.00 10074.00 10037.00 8924.00 7574.00 8032.00 7259.00 6428.00 5951.00 5411.00 5727.00 6320.00 5881.00 4815.00 3748.00 3227.00 4750.00 5450.00 6754.00 7383.00 8566.00 8184.00 11124.00 11503.00 11433.00 14995.00 10481.00 10353.00 10365.00 9266.00 14031.00 14258.00
11416.00 10928.00 8032.00 7574.00 6427.00 7259.00 8062.00 8310.00 6320.00 5727.00 4813.00 5879.00 6605.00 7085.00 5450.00 4750.00 3602.00 2935.00 5242.00 5860.00 8823.00 9984.00 11116.00 9522.00 8661.00 5941.00 5900.00 4552.00 4638.00 5033.00 4965.00 3276.00 3200.00 1611.00 1838.00 1991.00 2404.00 700.00 0.00 1512.00 2025.00 4793.00 4863.00 8563.00 9433.00 10050.00 9804.00 8702.00 7156.00 7574.00 6727.00 5954.00 5549.00 5036.00 5162.00 5727.00 5211.00 4161.00 3070.00 2548.00 4050.00 4750.00 6060.00 6687.00 7974.00 7622.00 10675.00 11110.00 11116.00 14521.00 9790.00 9653.00 9666.00 9965.00 14502.00 14722.00
11536.00 11187.00 8390.00 7842.00 6871.00 7835.00 8698.00 9027.00 7100.00 6444.00 5838.00 6948.00 7800.00 8301.00 6754.00 6060.00 4750.00 4103.00 5423.00 6114.00 8548.00 9737.00 10984.00 9031.00 8298.00 5413.00 5202.00 3841.00 4281.00 4912.00 5020.00 3054.00 2662.00 1280.00 2284.00 3050.00 3553.00 2127.00 1512.00 0.00 667.00 3609.00 3850.00 7528.00 8500.00 9285.00 8668.00 7595.00 5774.00 6144.00 5236.00 4517.00 4209.00 3747.00 3655.00 4216.00 3784.00 2698.00 1700.00 1209.00 2926.00 3602.00 4750.00 5402.00 6462.00 6114.00 9242.00 9737.00 9843.00 13060.00 8438.00 8472.00 8516.00 11287.00 14817.00 15015.00
12092.00 11774.00 9003.00 8442.00 7503.00 8480.00 9349.00 9685.00 7764.00 7104.00 6502.00 7611.00 8451.00 8950.00 7383.00 6687.00 5402.00 4750.00 6021.00 6720.00 9005.00 10197.00 11474.00 9408.00 8727.00 5814.00 5536.00 4203.00 4763.00 5449.00 5597.00 3607.00 3140.00 1913.00 2948.00 3703.00 4200.00 2693.00 2025.00 667.00 0.00 3700.00 4052.00 7650.00 8674.00 9541.00 8713.00 7670.00 5627.00 5930.00 4914.00 4311.00 4136.00 3741.00 3297.00 3791.00 3189.00 2140.00 1061.00 550.00 2261.00 2935.00 4103.00 4750.00 6021.00 5728.00 9005.00 9572.00 9775.00 12770.00 7808.00 7808.00 7850.00 11916.00 15409.00 15603.00
9793.00 9783.00 7501.00 6817.00 6444.00 7558.00 8455.00 8950.00 7447.00 6757.00 7024.00 8061.00 9165.00 9685.00 8566.00 7974.00 6462.00 6021.00 4750.00 5408.00 6178.00 7325.00 8726.00 6180.00 5766.00 3002.00 2421.00 1698.00 2811.00 3712.00 4200.00 2864.00 2247.00 3273.00 3967.00 5128.00 5597.00 5111.00 4793.00 3609.00 3700.00 0.00 716.00 3950.00 4992.00 5961.00 5060.00 3988.00 2622.00 3221.00 3062.00 1949.00 1092.00 550.00 2462.00 3092.00 4150.00 3409.00 3702.00 3741.00 4897.00 5242.00 5423.00 6021.00 4750.00 4111.00 6178.00 6427.00 6328.00 10083.00 8223.00 9038.00 9196.00 12842.00 13351.00 13492.00
9081.00 9067.00 6807.00 6119.00 5794.00 6909.00 7800.00 8305.00 6866.00 6185.00 6569.00 7573.00 8698.00 9214.00 8184.00 7622.00 6114.00 5728.00 4111.00 4750.00 5489.00 6647.00 8039.00 5561.00 5092.00 2290.00 1733.00 1053.00 2162.00 3050.00 3563.00 2460.00 1953.00 3273.00 3779.00 4912.00 5348.00 5088.00 4863.00 3850.00 4052.00 716.00 0.00 3707.00 4650.00 5494.00 4951.00 3842.00 3046.00 3700.00 3711.00 2597.00 1700.00 1237.00 3176.00 3808.00 4837.00 4042.00 4209.00 4176.00 5471.00 5860.00 6114.00 6720.00 5408.00 4750.00 6518.00 6647.00 6393.00 10411.00 8937.00 9750.00 9906.00 12369.00 12636.00 12777.00
8509.00 8950.00 7748.00 7087.00 7481.00 8460.00 9205.00 9783.00 8975.00 8411.00 9331.00 10135.00 11298.00 11774.00 11124.00 10675.00 9242.00 9005.00 6178.00 6518.00 4750.00 5492.00 6864.00 3833.00 4200.00 3572.00 3100.00 4162.00 4726.00 5197.00 5766.00 5769.00 5489.00 6961.00 7313.00 8363.00 8727.00 8745.00 8563.00 7528.00 7650.00 3950.00 3707.00 0.00 1193.00 2550.00 1450.00 550.00 3260.00 3758.00 4880.00 4270.00 3798.00 3988.00 5581.00 5886.00 7414.00 7026.00 7573.00 7670.00 8622.00 8823.00 8548.00 9005.00 6178.00 5489.00 4750.00 4220.00 3319.00 8143.00 10245.00 11577.00 11801.00 14820.00 12052.00 12111.00
7800.00 8360.00 7536.00 6921.00 7524.00 8412.00 9081.00 9664.00 9095.00 8592.00 9676.00 10383.00 11536.00 11988.00 11503.00 11110.00 9737.00 9572.00 6427.00 6647.00 4220.00 4750.00 6041.00 3050.00 3688.00 3963.00 3669.00 4915.00 5264.00 5561.00 6091.00 6452.00 6276.00 7822.00 8047.00 9031.00 9350.00 9551.00 9433.00 8500.00 8674.00 4992.00 4650.00 1193.00 0.00 1433.00 1700.00 1562.00 4443.00 4915.00 6068.00 5457.00 4951.00 5093.00 6757.00 7076.00 8595.00 8174.00 8668.00 8733.00 9760.00 9984.00 9737.00 10197.00 7325.00 6647.00 5492.00 4750.00 3569.00 8533.00 11395.00 12756.00 12983.00 14948.00 11264.00 11300.00
6587.00 7252.00 6850.00 6308.00 7135.00 7891.00 8457.00 9035.00 8754.00 8336.00 9595.00 10171.00 11293.00 11710.00 11433.00 11116.00 9843.00 9775.00 6328.00 6393.00 3319.00 3569.00 4750.00 1931.00 2860.00 4209.00 4150.00 5507.00 5576.00 5645.00 6100.00 6886.00 6850.00 8456.00 8501.00 9374.00 9629.00 10074.00 10050.00 9285.00 9541.00 5961.00 5494.00 2550.00 1433.00 0.00 3032.00 2982.00 5799.00 6308.00 7407.00 6711.00 6109.00 6158.00 7958.00 8336.00 9801.00 9284.00 9661.00 9666.00 10835.00 11116.00 10984.00 11474.00 8726.00 8039.00 6864.00 6041.00 4750.00 9683.00 12794.00 14114.00 14335.00 14538.00 9963.00 9982.00
9500.00 10050.00 9081.00 8438.00 8899.00 9856.00 10577.00 11158.00 10411.00 9855.00 10780.00 11584.00 12748.00 13222.00 12569.00 12112.00 10670.00 10415.00 7625.00 7951.00 5886.00 6450.00 7732.00 4750.00 5344.00 5022.00 4539.00 5531.00 6159.00 6647.00 7216.00 7152.00 6821.00 8223.00 8659.00 9737.00 10119.00 10037.00 9804.00 8668.00 8713.00 5060.00 4951.00 1450.00 1700.00 3032.00 0.00 1118.00 3621.00 3891.00 5206.00 4884.00 4650.00 4975.00 6248.00 6408.00 8009.00 7803.00 8500.00 8664.00 9414.00 9522.00 9031.00 9408.00 6180.00 5561.00 3833.00 3050.00 1931.00 6866.00 10207.00 11707.00 11954.00 16261.00 12956.00 12987.00
9055.00 9500.00 8271.00 7605.00 7959.00 8954.00 9712.00 10288.00 9430.00 8852.00 9719.00 10551.00 11715.00 12197.00 11495.00 11026.00 9574.00 9307.00 6610.00 6980.00 5300.00 6033.00 7398.00 4366.00 4750.00 3991.00 3465.00 4415.00 5072.00 5602.00 6178.00 6037.00 5703.00 7115.00 7541.00 8620.00 9005.00 8924.00 8702.00 7595.00 7670.00 3988.00 3842.00 550.00 1562.00 2982.00 1118.00 0.00 2926.00 3360.00 4556.00 4049.00 3684.00 3950.00 5393.00 5640.00 7204.00 6894.00 7517.00 7650.00 8502.00 8661.00 8298.00 8727.00 5766.00 5092.00 4200.00 3688.00 2860.00 7622.00 9835.00 11216.00 11448.00 15263.00 12594.00 12650.00
11147.00 11367.00 9500.00 8800.00 8698.00 9801.00 10668.00 11201.00 9876.00 9205.00 9607.00 10618.00 11741.00 12258.00 11183.00 10595.00 9083.00 8640.00 7061.00 7645.00 7322.00 8301.00 9729.00 6792.00 6806.00 4750.00 4050.00 4073.00 5138.00 5972.00 6525.00 5464.00 4867.00 5767.00 6564.00 7728.00 8207.00 7574.00 7156.00 5774.00 5627.00 2622.00 3046.00 3260.00 4443.00 5799.00 3621.00 2926.00 0.00 700.00 1629.00 1368.00 1628.00 2193.00 2700.00 2789.00 4398.00 4307.00 5168.00 5441.00 5900.00 5941.00 5413.00 5814.00 3002.00 2290.00 3572.00 3963.00 4209.00 7474.00 7030.00 8318.00 8542.00 15414.00 14752.00 14849.00
11815.00 12052.00 10200.00 9500.00 9390.00 10494.00 11364.00 11895.00 10551.00 9876.00 10238.00 11262.00 12377.00 12895.00 11783.00 11183.00 9673.00 9209.00 7747.00 8337.00 7985.00 8942.00 10367.00 7403.00 7464.00 5450.00 4750.00 4739.00 5816.00 6659.00 7208.00 6082.00 5464.00 6255.00 7108.00 8271.00 8760.00 8032.00 7574.00 6144.00 5930.00 3221.00 3700.00 3758.00 4915.00 6308.00 3891.00 3360.00 700.00 0.00 1369.00 1628.00 2163.00 2746.00 2789.00 2700.00 4308.00 4397.00 5361.00 5686.00 5941.00 5900.00 5202.00 5536.00 2421.00 1733.00 3100.00 3669.00 4150.00 6965.00 6486.00 7863.00 8100.00 16053.00 15418.00 15511.00
12470.00 12596.00 10496.00 9802.00 9500.00 10615.00 11509.00 12009.00 10495.00 9801.00 9946.00 11018.00 12087.00 12609.00 11358.00 10720.00 9231.00 8704.00 7809.00 8459.00 8685.00 9727.00 11159.00 8291.00 8194.00 5818.00 5139.00 4750.00 5865.00 6760.00 7259.00 5816.00 5138.00 5590.00 6566.00 7703.00 8214.00 7259.00 6727.00 5236.00 4914.00 3062.00 3711.00 4880.00 6068.00 7407.00 5206.00 4556.00 1629.00 1369.00 0.00 1115.00 2014.00 2512.00 1624.00 1363.00 2950.00 3153.00 4207.00 4592.00 4637.00 4552.00 3841.00 4203.00 1698.00 1053.00 4162.00 4915.00 5507.00 7858.00 5514.00 6710.00 6928.00 15755.00 16071.00 16186.00
11449.00 11537.00 9391.00 8699.00 8385.00 9500.00 10394.00 10894.00 9390.00 8698.00 8887.00 9948.00 11031.00 11553.00 10346.00 9722.00 8222.00 7720.00 6695.00 7345.00 7697.00 8774.00 10204.00 7410.00 7224.00 4740.00 4074.00 3635.00 4750.00 5645.00 6145.00 4739.00 4073.00 4681.00 5592.00 6747.00 7249.00 6428.00 5954.00 4517.00 4311.00 1949.00 2597.00 4270.00 5457.00 6711.00 4884.00 4049.00 1368.00 1628.00 1115.00 0.00 906.00 1401.00 1364.00 1625.00 3155.00 2950.00 3804.00 4092.00 4553.00 4638.00 4281.00 4763.00 2811.00 2162.00 4726.00 5264.00 5576.00 8570.00 6490.00 7533.00 7727.00 14705.00 15042.00 15164.00
10577.00 10645.00 8485.00 7793.00 7494.00 8608.00 9500.00 10004.00 8533.00 7845.00 8107.00 9150.00 10250.00 10770.00 9625.00 9021.00 7512.00 7046.00 5808.00 6450.00 6853.00 7951.00 9376.00 6647.00 6394.00 3842.00 3185.00 2746.00 3860.00 4750.00 5259.00 3946.00 3309.00 4140.00 4950.00 6114.00 6600.00 5951.00 5549.00 4209.00 4136.00 1092.00 1700.00 3798.00 4951.00 6109.00 4650.00 3684.00 1628.00 2163.00 2014.00 906.00 0.00 583.00 1860.00 2343.00 3697.00 3228.00 3850.00 4031.00 4827.00 5033.00 4912.00 5449.00 3712.00 3050.00 5197.00 5561.00 5645.00 9095.00 7362.00 8330.00 8512.00 13927.00 14164.00 14291.00
10271.00 10288.00 8041.00 7355.00 6994.00 8108.00 9005.00 9500.00 7991.00 7299.00 7531.00 8579.00 9675.00 10195.00 9043.00 8438.00 6929.00 6464.00 5300.00 5958.00 6610.00 7740.00 9152.00 6524.00 6178.00 3489.00 2873.00 2247.00 3360.00 4261.00 4750.00 3371.00 2728.00 3588.00 4373.00 5538.00 6021.00 5411.00 5036.00 3747.00 3741.00 550.00 1237.00 3988.00 5093.00 6158.00 4975.00 3950.00 2193.00 2746.00 2512.00 1401.00 583.00 0.00 2000.00 2594.00 3763.00 3129.00 3585.00 3700.00 4682.00 4965.00 5020.00 5597.00 4200.00 3563.00 5766.00 6091.00 6100.00 9667.00 7707.00 8571.00 8737.00 13351.00 13841.00 13977.00
12255.00 12237.00 9876.00 9205.00 8697.00 9800.00 10706.00 11165.00 9500.00 8800.00 8738.00 9839.00 10857.00 11378.00 10024.00 9364.00 7907.00 7339.00 7004.00 7698.00 8610.00 9738.00 11152.00 8488.00 8176.00 5464.00 4867.00 4071.00 5137.00 6039.00 6462.00 4750.00 4050.00 4161.00 5210.00 6304.00 6824.00 5727.00 5162.00 3655.00 3297.00 2462.00 3176.00 5581.00 6757.00 7958.00 6248.00 5393.00 2700.00 2789.00 1624.00 1364.00 1860.00 2000.00 0.00 700.00 1843.00 1615.00 2595.00 2968.00 3200.00 3276.00 3054.00 3607.00 2864.00 2460.00 5769.00 6452.00 6886.00 9481.00 5811.00 6577.00 6740.00 14494.00 15812.00 15954.00
12865.00 12875.00 10551.00 9876.00 9389.00 10494.00 11399.00 11861.00 10200.00 9500.00 9427.00 10531.00 11542.00 12062.00 10690.00 10024.00 8578.00 8001.00 7694.00 8385.00 9181.00 10290.00 11712.00 8985.00 8731.00 6082.00 5464.00 4738.00 5815.00 6720.00 7151.00 5450.00 4750.00 4815.00 5880.00 6959.00 7480.00 6320.00 5727.00 4216.00 3791.00 3092.00 3808.00 5886.00 7076.00 8336.00 6408.00 5640.00 2789.00 2700.00 1363.00 1625.00 2343.00 2594.00 700.00 0.00 1617.00 1841.00 2960.00 3397.00 3276.00 3200.00 2662.00 3140.00 2247.00 1953.00 5489.00 6276.00 6850.00 9085.00 5139.00 5993.00 6170.00 15171.00 16435.00 16571.00
13878.00 13778.00 11264.00 10621.00 9949.00 11019.00 11921.00 12333.00 10533.00 9841.00 9500.00 10618.00 11534.00 12043.00 10532.00 9840.00 8493.00 7861.00 8298.00 9011.00 10325.00 11475.00 12874.00 10286.00 9915.00 7110.00 6566.00 5593.00 6567.00 7438.00 7782.00 5883.00 5213.00 4750.00 5868.00 6801.00 7315.00 5881.00 5211.00 3784.00 3189.00 4150.00 4837.00 7414.00 8595.00 9801.00 8009.00 7204.00 4398.00 4308.00 2950.00 3155.00 3697.00 3763.00 1843.00 1617.00 0.00 1118.00 2144.00 2665.00 1838.00 1611.00 1280.00 1913.00 3273.00 3273.00 6961.00 7822.00 8456.00 10374.00 4690.00 5041.00 5158.00 15064.00 17392.00 17548.00
12965.00 12815.00 10240.00 9609.00 8888.00 9947.00 10845.00 11247.00 9429.00 8740.00 8382.00 9500.00 10419.00 10929.00 9428.00 8739.00 7380.00 6752.00 7255.00 7970.00 9506.00 10677.00 12052.00 9588.00 9128.00 6256.00 5768.00 4680.00 5591.00 6439.00 6751.00 4816.00 4163.00 3632.00 4750.00 5691.00 6207.00 4815.00 4161.00 2698.00 2140.00 3409.00 4042.00 7026.00 8174.00 9284.00 7803.00 6894.00 4307.00 4397.00 3153.00 2950.00 3228.00 3129.00 1615.00 1841.00 1118.00 0.00 1164.00 1657.00 1611.00 1838.00 2284.00 2948.00 3967.00 3779.00 7313.00 8047.00 8501.00 10924.00 5808.00 6095.00 6192.00 13958.00 16443.00 16608.00
12748.00 12500.00 9801.00 9208.00 8355.00 9368.00 10250.00 10611.00 8723.00 8051.00 7527.00 8640.00 9500.00 10001.00 8443.00 7747.00 6450.00 5802.00 6800.00 7512.00 9481.00 10670.00 11997.00 9737.00 9155.00 6231.00 5849.00 4603.00 5343.00 6114.00 6338.00 4341.00 3772.00 2840.00 3930.00 4750.00 5252.00 3748.00 3070.00 1700.00 1061.00 3702.00 4209.00 7573.00 8668.00 9661.00 8500.00 7517.00 5168.00 5361.00 4207.00 3804.00 3850.00 3585.00 2595.00 2960.00 2144.00 1164.00 0.00 522.00 1390.00 1991.00 3050.00 3703.00 5128.00 4912.00 8363.00 9031.00 9374.00 12037.00 6748.00 6790.00 6845.00 12976.00 16140.00 16322.00
12483.00 12197.00 9458.00 8881.00 7980.00 8974.00 9849.00 10195.00 8286.00 7622.00 7047.00 8158.00 9001.00 9500.00 7931.00 7234.00 5952.00 5300.00 6464.00 7170.00 9307.00 10499.00 11801.00 9638.00 9005.00 6080.00 5748.00 4453.00 5107.00 5836.00 6021.00 4022.00 3500.00 2413.00 3476.00 4253.00 4750.00 3227.00 2548.00 1209.00 550.00 3741.00 4176.00 7670.00 8733.00 9666.00 8664.00 7650.00 5441.00 5686.00 4592.00 4092.00 4031.00 3700.00 2968.00 3397.00 2665.00 1657.00 522.00 0.00 1746.00 2404.00 3553.00 4200.00 5597.00 5348.00 8727.00 9350.00 9629.00 12444.00 7262.00 7262.00 7308.00 12463.00 15836.00 16024.00
14134.00 13890.00 11183.00 10595.00 9721.00 10720.00 11595.00 11940.00 10024.00 9364.00 8737.00 9839.00 10634.00 11122.00 9500.00 8800.00 7598.00 6935.00 8184.00 8893.00 10832.00 12018.00 13358.00 11029.00 10490.00 7574.00 7156.00 5953.00 6727.00 7504.00 7725.00 5727.00 5162.00 4159.00 5209.00 5911.00 6388.00 4750.00 4050.00 2926.00 2261.00 4897.00 5471.00 8622.00 9760.00 10835.00 9414.00 8502.00 5900.00 5941.00 4637.00 4553.00 4827.00 4682.00 3200.00 3276.00 1838.00 1611.00 1390.00 1746.00 0.00 700.00 2127.00 2693.00 5111.00 5088.00 8745.00 9551.00 10074.00 12210.00 5838.00 5606.00 5627.00 14011.00 17530.00 17712.00
14667.00 14456.00 11783.00 11183.00 10345.00 11357.00 12238.00 12594.00 10690.00 10024.00 9426.00 10530.00 11332.00 11821.00 10200.00 9500.00 8294.00 7632.00 8782.00 9495.00 11291.00 12469.00 13829.00 11416.00 10928.00 8032.00 7574.00 6427.00 7259.00 8062.00 8310.00 6320.00 5727.00 4813.00 5879.00 6605.00 7085.00 5450.00 4750.00 3602.00 2935.00 5242.00 5860.00 8823.00 9984.00 11116.00 9522.00 8661.00 5941.00 5900.00 4552.00 4638.00 5033.00 4965.00 3276.00 3200.00 1611.00 1838.00 1991.00 2404.00 700.00 0.00 1512.00 2025.00 4793.00 4863.00 8563.00 9433.00 10050.00 11905.00 5170.00 4906.00 4931.00 14710.00 18094.00 18271.00
15158.00 15052.00 12514.00 11877.00 11171.00 12230.00 13127.00 13524.00 11689.00 11004.00 10566.00 11682.00 12550.00 13051.00 11482.00 10784.00 9500.00 8851.00 9535.00 10250.00 11601.00 12748.00 14149.00 11536.00 11187.00 8390.00 7842.00 6871.00 7835.00 8698.00 9027.00 7100.00 6444.00 5838.00 6948.00 7800.00 8301.00 6754.00 6060.00 4750.00 4103.00 5423.00 6114.00 8548.00 9737.00 10984.00 9031.00 8298.00 5413.00 5202.00 3841.00 4281.00 4912.00 5020.00 3054.00 2662.00 1280.00 2284.00 3050.00 3553.00 2127.00 1512.00 0.00 667.00 3609.00 3850.00 7528.00 8500.00 9285.00 10645.00 3737.00 3812.00 3909.00 16011.00 18668.00 18826.00
15782.00 15691.00 13170.00 12530.00 11835.00 12895.00 13793.00 14191.00 12356.00 11671.00 11226.00 12341.00 13201.00 13700.00 12120.00 11421.00 10151.00 9500.00 10195.00 10910.00 12197.00 13336.00 14744.00 12092.00 11774.00 9003.00 8442.00 7503.00 8480.00 9349.00 9685.00 7764.00 7104.00 6502.00 7611.00 8451.00 8950.00 7383.00 6687.00 5402.00 4750.00 6021.00 6720.00 9005.00 10197.00 11474.00 9408.00 8727.00 5814.00 5536.00 4203.00 4763.00 5449.00 5597.00 3607.00 3140.00 1913.00 2948.00 3703.00 4200.00 2693.00 2025.00 667.00 0.00 3700.00 4052.00 7650.00 8674.00 9541.00 10584.00 3147.00 3147.00 3250.00 16647.00 19302.00 19457.00
